,Id,Left,Bottom,Right,Top
0,b'01',145000.0,238000.0,162000.0,247000.0
1,b'02',162000.0,238000.0,194000.0,250000.0
2,b'03',194000.0,238000.0,206000.0,248000.0
3,b'04',53000.0,218000.0,66000.0,225500.0
4,b'05',66000.0,218000.0,98000.0,232000.0
5,b'06',98000.0,218000.0,130000.0,227000.0
6,b'07',130000.0,218000.0,162000.0,238000.0
7,b'08',162000.0,218000.0,194000.0,238000.0
8,b'09',194000.0,218000.0,226000.0,238000.0
9,b'10',226000.0,218000.0,238000.0,227000.0
10,b'11',18500.0,198000.0,34000.0,206500.0
11,b'12',34000.0,198000.0,66000.0,218000.0
12,b'13',66000.0,198000.0,98000.0,218000.0
13,b'14',98000.0,198000.0,130000.0,218000.0
14,b'15',130000.0,198000.0,162000.0,218000.0
15,b'16',162000.0,198000.0,194000.0,218000.0
16,b'17',194000.0,198000.0,226000.0,218000.0
17,b'18',226000.0,198000.0,258000.0,218000.0
18,b'19',17000.0,178000.0,34000.0,198000.0
19,b'20',34000.0,178000.0,66000.0,198000.0
20,b'21',66000.0,178000.0,98000.0,198000.0
21,b'22',98000.0,178000.0,130000.0,198000.0
22,b'23',130000.0,178000.0,162000.0,198000.0
23,b'24',162000.0,178000.0,194000.0,198000.0
24,b'25',194000.0,178000.0,226000.0,198000.0
25,b'26',226000.0,178000.0,258000.0,198000.0
26,b'27',20000.0,158000.0,34000.0,178000.0
27,b'28',34000.0,158000.0,66000.0,178000.0
28,b'29',66000.0,158000.0,98000.0,178000.0
29,b'30',98000.0,158000.0,130000.0,178000.0
30,b'31',130000.0,158000.0,162000.0,178000.0
31,b'32',162000.0,158000.0,194000.0,178000.0
32,b'33',194000.0,158000.0,226000.0,178000.0
33,b'34',226000.0,158000.0,258000.0,178000.0
34,b'35',258000.0,158000.0,264000.0,169000.0
35,b'36',34000.0,151000.0,66000.0,158000.0
36,b'37',66000.0,150000.0,98000.0,158000.0
37,b'38',98000.0,148000.0,130000.0,158000.0
38,b'39',130000.0,148000.0,162000.0,158000.0
39,b'40',162000.0,152000.0,194000.0,158000.0
40,b'41',194000.0,149000.0,226000.0,158000.0
41,b'42',226000.0,151000.0,258000.0,158000.0
42,b'43',258000.0,151000.0,264000.0,158000.0
